Width: 1376
0 0 3
0 0 4
1 0 3
1 0 4
2 0 3
2 0 4
3 0 3
3 0 4
4 0 3
4 0 4
5 0 3
5 0 4
6 0 3
6 0 4
6 0 1374
6 0 1375
7 0 3
7 0 4
7 0 1371
7 0 1372
7 0 1373
8 0 3
8 0 4
8 0 1367
8 0 1368
8 0 1369
8 0 1370
9 0 3
9 0 4
9 0 1364
9 0 1365
9 0 1366
10 0 3
10 0 4
10 0 1360
10 0 1361
10 0 1362
10 0 1363
11 0 3
11 0 4
11 0 1356
11 0 1357
11 0 1358
11 0 1359
12 0 3
12 0 4
12 0 1353
12 0 1354
12 0 1355
13 0 3
13 0 4
13 0 1349
13 0 1350
13 0 1351
13 0 1352
14 0 3
14 0 4
14 0 1346
14 0 1347
14 0 1348
15 0 3
15 0 4
15 0 1342
15 0 1343
15 0 1344
15 0 1345
16 0 3
16 0 4
16 0 1338
16 0 1339
16 0 1340
16 0 1341
17 0 3
17 0 4
17 0 1335
17 0 1336
17 0 1337
18 0 3
18 0 4
18 0 1331
18 0 1332
18 0 1333
18 0 1334
19 0 3
19 0 4
19 0 1327
19 0 1328
19 0 1329
19 0 1330
20 0 3
20 0 4
20 0 1324
20 0 1325
20 0 1326
21 0 3
21 0 4
21 0 1320
21 0 1321
21 0 1322
21 0 1323
22 0 3
22 0 4
22 0 1317
22 0 1318
22 0 1319
23 0 3
23 0 4
23 0 1313
23 0 1314
23 0 1315
23 0 1316
24 0 3
24 0 4
24 0 1309
24 0 1310
24 0 1311
24 0 1312
25 0 3
25 0 4
25 0 1306
25 0 1307
25 0 1308
26 0 3
26 0 4
26 0 1302
26 0 1303
26 0 1304
26 0 1305
27 0 3
27 0 4
27 0 1298
27 0 1299
27 0 1300
27 0 1301
28 0 3
28 0 4
28 0 1295
28 0 1296
28 0 1297
29 0 3
29 0 4
29 0 1283
29 0 1284
29 0 1291
29 0 1292
29 0 1293
29 0 1294
30 0 3
30 0 4
30 0 1282
30 0 1288
30 0 1289
30 0 1290
31 0 3
31 0 4
31 0 1280
31 0 1281
31 0 1284
31 0 1285
31 0 1286
31 0 1287
32 0 3
32 0 4
32 0 1279
32 0 1280
32 0 1281
32 0 1282
32 0 1283
33 0 3
33 0 4
33 0 1277
33 0 1278
33 0 1279
34 0 3
34 0 4
34 0 1273
34 0 1274
34 0 1275
34 0 1276
35 0 3
35 0 4
35 0 1272
35 0 1274
35 0 1275
36 0 3
36 0 4
36 0 1272
36 0 1273
37 0 3
37 0 4
37 0 1271
38 0 3
38 0 4
38 0 1269
38 0 1270
39 0 3
39 0 4
39 0 1268
40 0 3
40 0 4
40 0 1266
40 0 1267
41 0 3
41 0 4
41 0 1264
41 0 1265
42 0 3
42 0 4
42 0 1263
43 0 3
43 0 4
43 0 1261
43 0 1262
44 0 3
44 0 4
44 0 1260
45 0 3
45 0 4
45 0 1258
45 0 1259
46 0 3
46 0 4
46 0 1256
46 0 1257
47 0 3
47 0 4
47 0 1255
48 0 3
48 0 4
48 0 1253
48 0 1254
49 0 3
49 0 4
49 0 1252
50 0 3
50 0 4
50 0 1250
50 0 1251
51 0 3
51 0 4
51 0 1248
51 0 1249
52 0 3
52 0 4
52 0 1247
53 0 3
53 0 4
53 0 1245
53 0 1246
54 0 3
54 0 4
54 0 1243
54 0 1244
55 0 3
55 0 4
55 0 1242
55 0 1243
56 0 3
56 0 4
56 0 1240
56 0 1241
57 0 3
57 0 4
57 0 1239
58 0 3
58 0 4
58 0 1237
58 0 1238
59 0 3
59 0 4
59 0 1235
59 0 1236
60 0 3
60 0 4
60 0 1234
61 0 3
61 0 4
61 0 1232
61 0 1233
62 0 3
62 0 4
62 0 1231
63 0 3
63 0 4
63 0 1229
63 0 1230
64 0 3
64 0 4
64 0 1228
65 0 3
65 0 4
65 0 1226
65 0 1227
66 0 3
66 0 4
66 0 1225
67 0 3
67 0 4
67 0 1223
67 0 1224
68 0 3
68 0 4
68 0 1221
68 0 1222
69 0 3
69 0 4
69 0 1220
69 0 1221
70 0 3
70 0 4
70 0 1218
70 0 1219
71 0 3
71 0 4
71 0 1217
72 0 3
72 0 4
72 0 1215
72 0 1216
73 0 3
73 0 4
73 0 1214
74 0 3
74 0 4
74 0 1212
74 0 1213
75 0 3
75 0 4
75 0 1211
76 0 3
76 0 4
76 0 1209
76 0 1210
77 0 3
77 0 4
77 0 1208
78 0 3
78 0 4
78 0 1206
78 0 1207
79 0 3
79 0 4
79 0 1205
80 0 3
80 0 4
80 0 1203
80 0 1204
81 0 3
81 0 4
81 0 1202
82 0 3
82 0 4
82 0 1200
82 0 1201
83 0 3
83 0 4
83 0 1199
83 0 1200
84 0 3
84 0 4
84 0 1198
85 0 3
85 0 4
85 0 1196
85 0 1197
86 0 3
86 0 4
86 0 1195
87 0 3
87 0 4
87 0 1193
87 0 1194
88 0 3
88 0 4
88 0 1192
89 0 3
89 0 4
89 0 1191
90 0 3
90 0 4
90 0 1189
90 0 1190
91 0 3
91 0 4
91 0 1188
92 0 3
92 0 4
92 0 1186
92 0 1187
93 0 3
93 0 4
93 0 1185
94 0 3
94 0 4
94 0 1184
95 0 3
95 0 4
95 0 1182
95 0 1183
96 0 3
96 0 4
96 0 1181
97 0 3
97 0 4
97 0 1180
98 0 3
98 0 4
98 0 1178
98 0 1179
99 0 3
99 0 4
99 0 307
99 0 308
99 0 309
99 0 310
99 0 311
99 0 312
99 0 313
99 0 314
99 0 315
99 0 316
99 0 317
99 0 318
99 0 319
99 0 320
99 0 321
99 0 322
99 0 323
99 0 324
99 0 325
99 0 326
99 0 327
99 0 328
99 0 329
99 0 330
99 0 331
99 0 332
99 0 333
99 0 334
99 0 335
99 0 336
99 0 337
99 0 338
99 0 339
99 0 1177
100 0 3
100 0 4
100 0 290
100 0 291
100 0 292
100 0 293
100 0 294
100 0 295
100 0 296
100 0 297
100 0 298
100 0 299
100 0 300
100 0 301
100 0 302
100 0 303
100 0 304
100 0 305
100 0 306
100 0 307
100 0 308
100 0 337
100 0 338
100 0 339
100 0 340
100 0 341
100 0 342
100 0 343
100 0 344
100 0 345
100 0 346
100 0 347
100 0 348
100 0 349
100 0 350
100 0 351
100 0 352
100 0 353
100 0 354
100 0 355
100 0 356
100 0 357
100 0 358
100 0 359
100 0 360
100 0 361
100 0 362
100 0 363
100 0 364
100 0 365
100 0 366
100 0 1176
101 0 3
101 0 4
101 0 279
101 0 280
101 0 281
101 0 282
101 0 283
101 0 284
101 0 285
101 0 286
101 0 287
101 0 288
101 0 289
101 0 290
101 0 365
101 0 366
101 0 367
101 0 368
101 0 369
101 0 370
101 0 371
101 0 372
101 0 373
101 0 374
101 0 375
101 0 376
101 0 377
101 0 378
101 0 379
101 0 380
101 0 381
101 0 382
101 0 383
101 0 384
101 0 385
101 0 386
101 0 1174
101 0 1175
102 0 3
102 0 4
102 0 269
102 0 270
102 0 271
102 0 272
102 0 273
102 0 274
102 0 275
102 0 276
102 0 277
102 0 278
102 0 385
102 0 386
102 0 387
102 0 388
102 0 389
102 0 390
102 0 391
102 0 392
102 0 393
102 0 394
102 0 395
102 0 396
102 0 397
102 0 398
102 0 399
102 0 400
102 0 401
102 0 402
102 0 1173
103 0 3
103 0 4
103 0 261
103 0 262
103 0 263
103 0 264
103 0 265
103 0 266
103 0 267
103 0 268
103 0 269
103 0 402
103 0 403
103 0 404
103 0 405
103 0 406
103 0 407
103 0 408
103 0 409
103 0 410
103 0 411
103 0 412
103 0 413
103 0 414
103 0 415
103 0 416
103 0 1172
104 0 3
104 0 4
104 0 253
104 0 254
104 0 255
104 0 256
104 0 257
104 0 258
104 0 259
104 0 260
104 0 416
104 0 417
104 0 418
104 0 419
104 0 420
104 0 421
104 0 422
104 0 423
104 0 424
104 0 425
104 0 426
104 0 427
104 0 428
104 0 429
104 0 1170
104 0 1171
105 0 3
105 0 4
105 0 246
105 0 247
105 0 248
105 0 249
105 0 250
105 0 251
105 0 252
105 0 253
105 0 429
105 0 430
105 0 431
105 0 432
105 0 433
105 0 434
105 0 435
105 0 436
105 0 437
105 0 438
105 0 439
105 0 440
105 0 1169
106 0 3
106 0 4
106 0 240
106 0 241
106 0 242
106 0 243
106 0 244
106 0 245
106 0 246
106 0 440
106 0 441
106 0 442
106 0 443
106 0 444
106 0 445
106 0 446
106 0 447
106 0 448
106 0 449
106 0 450
106 0 451
106 0 1168
107 0 3
107 0 4
107 0 233
107 0 234
107 0 235
107 0 236
107 0 237
107 0 238
107 0 239
107 0 451
107 0 452
107 0 453
107 0 454
107 0 455
107 0 456
107 0 457
107 0 458
107 0 459
107 0 460
107 0 1166
107 0 1167
108 0 3
108 0 4
108 0 227
108 0 228
108 0 229
108 0 230
108 0 231
108 0 232
108 0 233
108 0 460
108 0 461
108 0 462
108 0 463
108 0 464
108 0 465
108 0 466
108 0 467
108 0 468
108 0 1165
108 0 1166
109 0 3
109 0 4
109 0 221
109 0 222
109 0 223
109 0 224
109 0 225
109 0 226
109 0 469
109 0 470
109 0 471
109 0 472
109 0 473
109 0 474
109 0 475
109 0 476
109 0 1164
110 0 3
110 0 4
110 0 215
110 0 216
110 0 217
110 0 218
110 0 219
110 0 220
110 0 477
110 0 478
110 0 479
110 0 480
110 0 481
110 0 482
110 0 483
110 0 1163
111 0 3
111 0 4
111 0 209
111 0 210
111 0 211
111 0 212
111 0 213
111 0 214
111 0 484
111 0 485
111 0 486
111 0 487
111 0 488
111 0 489
111 0 490
111 0 1161
111 0 1162
112 0 3
112 0 4
112 0 192
112 0 193
112 0 203
112 0 204
112 0 205
112 0 206
112 0 207
112 0 208
112 0 491
112 0 492
112 0 493
112 0 494
112 0 495
112 0 496
112 0 497
112 0 1160
113 0 3
113 0 4
113 0 192
113 0 193
113 0 196
113 0 197
113 0 198
113 0 199
113 0 200
113 0 201
113 0 202
113 0 498
113 0 499
113 0 500
113 0 501
113 0 502
113 0 503
113 0 1159
114 0 3
114 0 4
114 0 192
114 0 193
114 0 194
114 0 195
114 0 504
114 0 505
114 0 506
114 0 507
114 0 508
114 0 509
114 0 1158
115 0 3
115 0 4
115 0 192
115 0 193
115 0 510
115 0 511
115 0 512
115 0 513
115 0 514
115 0 1156
115 0 1157
116 0 3
116 0 4
116 0 192
116 0 193
116 0 515
116 0 516
116 0 517
116 0 518
116 0 519
116 0 1155
116 0 1156
117 0 3
117 0 4
117 0 192
117 0 193
117 0 520
117 0 521
117 0 522
117 0 523
117 0 524
117 0 1154
118 0 3
118 0 4
118 0 192
118 0 193
118 0 524
118 0 525
118 0 526
118 0 527
118 0 528
118 0 1153
119 0 3
119 0 4
119 0 192
119 0 193
119 0 529
119 0 530
119 0 531
119 0 532
119 0 1152
120 0 3
120 0 4
120 0 192
120 0 193
120 0 533
120 0 534
120 0 535
120 0 536
120 0 1150
120 0 1151
121 0 3
121 0 4
121 0 192
121 0 193
121 0 537
121 0 538
121 0 539
121 0 1149
121 0 1150
122 0 3
122 0 4
122 0 192
122 0 193
122 0 540
122 0 541
122 0 542
122 0 543
122 0 1148
123 0 3
123 0 4
123 0 192
123 0 193
123 0 544
123 0 545
123 0 546
123 0 1147
124 0 3
124 0 4
124 0 192
124 0 193
124 0 547
124 0 548
124 0 549
124 0 1146
125 0 3
125 0 4
125 0 192
125 0 193
125 0 550
125 0 551
125 0 1145
126 0 3
126 0 4
126 0 192
126 0 193
126 0 552
126 0 553
126 0 554
126 0 1143
126 0 1144
127 0 3
127 0 4
127 0 192
127 0 193
127 0 555
127 0 556
127 0 1142
127 0 1143
128 0 3
128 0 4
128 0 192
128 0 193
128 0 557
128 0 558
128 0 559
128 0 1141
129 0 3
129 0 4
129 0 192
129 0 193
129 0 560
129 0 561
129 0 1140
130 0 3
130 0 4
130 0 192
130 0 193
130 0 562
130 0 563
130 0 1139
131 0 3
131 0 4
131 0 192
131 0 193
131 0 564
131 0 565
131 0 1138
132 0 3
132 0 4
132 0 192
132 0 193
132 0 566
132 0 567
132 0 1137
133 0 3
133 0 4
133 0 192
133 0 193
133 0 568
133 0 569
133 0 1136
134 0 3
134 0 4
134 0 192
134 0 193
134 0 570
134 0 571
134 0 1135
135 0 3
135 0 4
135 0 192
135 0 193
135 0 572
135 0 573
135 0 1133
135 0 1134
136 0 3
136 0 4
136 0 192
136 0 193
136 0 574
136 0 575
136 0 1132
136 0 1133
137 0 3
137 0 4
137 0 192
137 0 193
137 0 576
137 0 577
137 0 1131
137 0 1132
138 0 3
138 0 4
138 0 192
138 0 193
138 0 578
138 0 1130
138 0 1131
139 0 3
139 0 4
139 0 192
139 0 193
139 0 579
139 0 580
139 0 1129
140 0 3
140 0 4
140 0 192
140 0 193
140 0 581
140 0 582
140 0 1128
141 0 3
141 0 4
141 0 192
141 0 193
141 0 583
141 0 1127
142 0 3
142 0 4
142 0 192
142 0 193
142 0 584
142 0 585
142 0 1126
143 0 3
143 0 4
143 0 192
143 0 193
143 0 586
143 0 1125
144 0 3
144 0 4
144 0 192
144 0 193
144 0 587
144 0 588
144 0 1124
145 0 3
145 0 4
145 0 192
145 0 193
145 0 589
145 0 1123
146 0 3
146 0 4
146 0 192
146 0 193
146 0 590
146 0 591
146 0 1122
147 0 3
147 0 4
147 0 192
147 0 193
147 0 592
147 0 1121
148 0 3
148 0 4
148 0 5
148 0 6
148 0 7
148 0 8
148 0 9
148 0 10
148 0 11
148 0 12
148 0 13
148 0 14
148 0 15
148 0 16
148 0 17
148 0 18
148 0 19
148 0 20
148 0 21
148 0 22
148 0 23
148 0 24
148 0 25
148 0 26
148 0 27
148 0 28
148 0 29
148 0 30
148 0 31
148 0 32
148 0 33
148 0 34
148 0 35
148 0 36
148 0 37
148 0 38
148 0 39
148 0 40
148 0 41
148 0 42
148 0 43
148 0 44
148 0 45
148 0 46
148 0 47
148 0 48
148 0 49
148 0 50
148 0 51
148 0 52
148 0 53
148 0 54
148 0 55
148 0 56
148 0 57
148 0 58
148 0 59
148 0 60
148 0 61
148 0 62
148 0 63
148 0 64
148 0 65
148 0 66
148 0 67
148 0 68
148 0 69
148 0 70
148 0 71
148 0 72
148 0 73
148 0 74
148 0 75
148 0 76
148 0 77
148 0 78
148 0 79
148 0 80
148 0 81
148 0 82
148 0 83
148 0 84
148 0 85
148 0 86
148 0 87
148 0 88
148 0 89
148 0 90
148 0 91
148 0 92
148 0 93
148 0 94
148 0 95
148 0 96
148 0 97
148 0 98
148 0 99
148 0 100
148 0 101
148 0 102
148 0 103
148 0 104
148 0 105
148 0 106
148 0 107
148 0 108
148 0 109
148 0 110
148 0 111
148 0 112
148 0 113
148 0 114
148 0 115
148 0 116
148 0 117
148 0 118
148 0 119
148 0 120
148 0 121
148 0 122
148 0 123
148 0 124
148 0 125
148 0 126
148 0 127
148 0 128
148 0 129
148 0 130
148 0 131
148 0 132
148 0 133
148 0 134
148 0 135
148 0 136
148 0 137
148 0 138
148 0 139
148 0 140
148 0 141
148 0 142
148 0 143
148 0 144
148 0 145
148 0 146
148 0 147
148 0 148
148 0 149
148 0 150
148 0 151
148 0 152
148 0 153
148 0 154
148 0 155
148 0 156
148 0 157
148 0 158
148 0 159
148 0 160
148 0 161
148 0 162
148 0 163
148 0 164
148 0 165
148 0 166
148 0 167
148 0 168
148 0 169
148 0 170
148 0 171
148 0 172
148 0 173
148 0 174
148 0 175
148 0 176
148 0 177
148 0 178
148 0 179
148 0 180
148 0 181
148 0 182
148 0 183
148 0 184
148 0 185
148 0 186
148 0 187
148 0 188
148 0 189
148 0 190
148 0 191
148 0 192
148 0 193
148 0 593
148 0 594
148 0 1120
149 0 3
149 0 4
149 0 5
149 0 6
149 0 7
149 0 8
149 0 9
149 0 10
149 0 11
149 0 12
149 0 13
149 0 14
149 0 15
149 0 16
149 0 17
149 0 18
149 0 19
149 0 20
149 0 21
149 0 22
149 0 23
149 0 24
149 0 25
149 0 26
149 0 27
149 0 28
149 0 29
149 0 30
149 0 31
149 0 32
149 0 33
149 0 34
149 0 35
149 0 36
149 0 37
149 0 38
149 0 39
149 0 40
149 0 41
149 0 42
149 0 43
149 0 44
149 0 45
149 0 46
149 0 47
149 0 48
149 0 49
149 0 50
149 0 51
149 0 52
149 0 53
149 0 54
149 0 55
149 0 56
149 0 57
149 0 58
149 0 59
149 0 60
149 0 61
149 0 62
149 0 63
149 0 64
149 0 65
149 0 66
149 0 67
149 0 68
149 0 69
149 0 70
149 0 71
149 0 72
149 0 73
149 0 74
149 0 75
149 0 76
149 0 77
149 0 78
149 0 79
149 0 80
149 0 81
149 0 82
149 0 83
149 0 84
149 0 85
149 0 86
149 0 87
149 0 88
149 0 89
149 0 90
149 0 91
149 0 92
149 0 93
149 0 94
149 0 95
149 0 96
149 0 97
149 0 98
149 0 99
149 0 100
149 0 101
149 0 102
149 0 103
149 0 104
149 0 105
149 0 106
149 0 107
149 0 108
149 0 109
149 0 110
149 0 111
149 0 112
149 0 113
149 0 114
149 0 115
149 0 116
149 0 117
149 0 118
149 0 119
149 0 120
149 0 121
149 0 122
149 0 123
149 0 124
149 0 125
149 0 126
149 0 127
149 0 128
149 0 129
149 0 130
149 0 131
149 0 132
149 0 133
149 0 134
149 0 135
149 0 136
149 0 137
149 0 138
149 0 139
149 0 140
149 0 141
149 0 142
149 0 143
149 0 144
149 0 145
149 0 146
149 0 147
149 0 148
149 0 149
149 0 150
149 0 151
149 0 152
149 0 153
149 0 154
149 0 155
149 0 156
149 0 157
149 0 158
149 0 159
149 0 160
149 0 161
149 0 162
149 0 163
149 0 164
149 0 165
149 0 166
149 0 167
149 0 168
149 0 169
149 0 170
149 0 171
149 0 172
149 0 173
149 0 174
149 0 175
149 0 176
149 0 177
149 0 178
149 0 179
149 0 180
149 0 181
149 0 182
149 0 183
149 0 184
149 0 185
149 0 186
149 0 187
149 0 188
149 0 189
149 0 190
149 0 191
149 0 192
149 0 193
149 0 595
149 0 1119
150 0 596
150 0 597
150 0 1118
151 0 598
151 0 1117
152 0 599
152 0 1116
153 0 600
153 0 601
153 0 1115
154 0 602
154 0 1114
155 0 603
155 0 1113
156 0 604
156 0 605
156 0 1112
157 0 606
157 0 1111
158 0 607
158 0 1110
158 0 1111
159 0 608
159 0 609
159 0 1109
159 0 1110
160 0 609
160 0 610
160 0 1109
161 0 611
161 0 1108
162 0 612
162 0 1107
163 0 613
163 0 1106
164 0 614
164 0 615
164 0 1105
165 0 615
165 0 616
165 0 1104
166 0 617
166 0 1103
167 0 618
167 0 1102
168 0 619
168 0 1101
169 0 620
169 0 1100
169 0 1101
170 0 621
170 0 622
170 0 1100
171 0 622
171 0 623
171 0 1099
172 0 624
172 0 1098
173 0 625
173 0 1097
174 0 626
174 0 1096
175 0 627
175 0 1095
175 0 1096
176 0 628
176 0 1095
177 0 629
177 0 630
177 0 1094
178 0 630
178 0 631
178 0 1093
179 0 632
179 0 1092
180 0 633
180 0 1092
181 0 634
181 0 1091
182 0 635
182 0 1090
183 0 636
183 0 1089
184 0 637
184 0 638
184 0 1088
184 0 1089
185 0 638
185 0 639
185 0 1088
186 0 640
186 0 1087
187 0 641
187 0 642
187 0 1086
188 0 642
188 0 1085
189 0 642
189 0 1085
190 0 642
190 0 1084
191 0 642
191 0 1083
192 0 642
192 0 643
192 0 1082
192 0 1083
193 0 643
193 0 1082
194 0 643
194 0 1081
195 0 643
195 0 1080
196 0 643
196 0 1080
197 0 643
197 0 1079
198 0 643
198 0 1078
199 0 643
199 0 1078
200 0 643
200 0 1077
201 0 643
201 0 644
201 0 1076
202 0 644
202 0 1075
203 0 644
203 0 1075
204 0 644
204 0 1074
205 0 644
205 0 1073
206 0 644
206 0 1073
207 0 644
207 0 1072
208 0 644
208 0 1071
209 0 644
209 0 645
209 0 1071
210 0 644
210 0 645
210 0 1070
211 0 645
211 0 1069
212 0 645
212 0 1069
213 0 645
213 0 1068
214 0 645
214 0 1067
215 0 645
215 0 1067
216 0 645
216 0 1066
217 0 645
217 0 646
217 0 1065
217 0 1066
218 0 645
218 0 646
218 0 1065
219 0 646
219 0 1064
220 0 646
220 0 1064
221 0 646
221 0 1063
222 0 646
222 0 1062
223 0 646
223 0 1062
224 0 646
224 0 1061
225 0 646
225 0 1060
226 0 646
226 0 647
226 0 1060
227 0 646
227 0 647
227 0 1059
228 0 647
228 0 1058
228 0 1059
229 0 647
229 0 1058
230 0 647
230 0 1057
231 0 647
231 0 1057
232 0 647
232 0 1056
233 0 647
233 0 1055
234 0 647
234 0 648
234 0 1055
235 0 647
235 0 648
235 0 1054
236 0 648
236 0 1053
236 0 1054
237 0 648
237 0 1053
238 0 648
238 0 1052
239 0 648
239 0 1052
240 0 648
240 0 1051
241 0 648
241 0 1050
241 0 1051
242 0 648
242 0 1050
243 0 648
243 0 649
243 0 1049
244 0 648
244 0 649
244 0 1049
245 0 649
245 0 1048
246 0 649
246 0 1047
247 0 649
247 0 1047
248 0 649
248 0 1046
249 0 649
249 0 1046
250 0 649
250 0 1045
251 0 649
251 0 650
251 0 1044
251 0 1045
252 0 649
252 0 650
252 0 1044
253 0 650
253 0 1043
254 0 650
254 0 1043
255 0 650
255 0 1042
256 0 650
256 0 1041
256 0 1042
257 0 650
257 0 1041
258 0 650
258 0 1040
259 0 650
259 0 1040
260 0 650
260 0 651
260 0 1039
261 0 651
261 0 1039
262 0 651
262 0 1038
263 0 651
263 0 1037
264 0 651
264 0 1037
265 0 651
265 0 1036
266 0 651
266 0 1036
267 0 651
267 0 1035
268 0 651
268 0 1034
268 0 1035
269 0 651
269 0 652
269 0 1034
270 0 652
270 0 1033
271 0 652
271 0 1033
272 0 652
272 0 1032
273 0 652
273 0 1032
274 0 652
274 0 1031
275 0 652
275 0 1030
275 0 1031
276 0 652
276 0 1030
277 0 652
277 0 653
277 0 1029
278 0 653
278 0 1029
279 0 653
279 0 1028
280 0 653
280 0 1028
281 0 653
281 0 1027
282 0 653
282 0 1026
282 0 1027
283 0 653
283 0 1026
284 0 653
284 0 1025
285 0 653
285 0 654
285 0 1025
286 0 653
286 0 654
286 0 1024
287 0 654
287 0 1024
288 0 654
288 0 1023
289 0 654
289 0 1022
289 0 1023
290 0 654
290 0 1022
291 0 654
291 0 1021
292 0 654
292 0 1021
293 0 654
293 0 1020
294 0 654
294 0 655
294 0 1020
295 0 655
295 0 1019
296 0 655
296 0 1019
297 0 655
297 0 1018
298 0 655
298 0 1017
299 0 655
299 0 1017
300 0 655
300 0 1016
301 0 655
301 0 1016
302 0 655
302 0 656
302 0 1015
303 0 655
303 0 656
303 0 1015
304 0 656
304 0 1014
305 0 656
305 0 1013
305 0 1014
306 0 656
306 0 1013
307 0 656
307 0 1012
308 0 656
308 0 1012
309 0 656
309 0 1011
310 0 656
310 0 1011
311 0 656
311 0 657
311 0 1010
312 0 657
312 0 1009
312 0 1010
313 0 657
313 0 1009
314 0 657
314 0 1008
315 0 657
315 0 1008
316 0 657
316 0 1007
317 0 657
317 0 1007
318 0 657
318 0 1006
319 0 657
319 0 658
319 0 1006
320 0 657
320 0 658
320 0 1005
321 0 658
321 0 1004
322 0 658
322 0 1004
323 0 658
323 0 1003
324 0 658
324 0 1003
325 0 658
325 0 1002
326 0 658
326 0 1002
327 0 658
327 0 1001
328 0 658
328 0 659
328 0 1000
329 0 659
329 0 1000
330 0 659
330 0 999
331 0 659
331 0 999
332 0 659
332 0 998
333 0 659
333 0 998
334 0 659
334 0 997
335 0 659
335 0 996
335 0 997
336 0 659
336 0 660
336 0 996
337 0 659
337 0 660
337 0 995
338 0 660
338 0 995
339 0 660
339 0 994
340 0 660
340 0 994
341 0 660
341 0 993
342 0 660
342 0 992
342 0 993
343 0 660
343 0 992
344 0 660
344 0 991
345 0 660
345 0 661
345 0 991
346 0 661
346 0 990
347 0 661
347 0 990
348 0 661
348 0 989
349 0 661
349 0 989
350 0 661
350 0 988
351 0 661
351 0 987
352 0 661
352 0 987
353 0 661
353 0 662
353 0 986
354 0 661
354 0 662
354 0 986
355 0 662
355 0 985
356 0 662
356 0 985
357 0 662
357 0 984
358 0 662
358 0 983
359 0 662
359 0 983
360 0 662
360 0 982
361 0 662
361 0 982
362 0 662
362 0 663
362 0 981
363 0 663
363 0 981
364 0 663
364 0 980
365 0 663
365 0 979
366 0 663
366 0 979
367 0 663
367 0 978
368 0 663
368 0 978
369 0 663
369 0 977
370 0 663
370 0 664
370 0 976
371 0 663
371 0 664
371 0 976
372 0 664
372 0 975
373 0 664
373 0 975
374 0 664
374 0 974
375 0 664
375 0 974
376 0 664
376 0 973
377 0 664
377 0 972
378 0 664
378 0 972
379 0 664
379 0 665
379 0 971
380 0 665
380 0 971
381 0 665
381 0 970
382 0 665
382 0 969
383 0 665
383 0 969
384 0 665
384 0 968
385 0 665
385 0 968
386 0 665
386 0 967
387 0 665
387 0 666
387 0 966
388 0 665
388 0 666
388 0 966
389 0 666
389 0 965
390 0 666
390 0 965
391 0 666
391 0 964
392 0 666
392 0 963
393 0 666
393 0 963
394 0 666
394 0 962
395 0 666
395 0 667
395 0 962
396 0 666
396 0 667
396 0 961
397 0 667
397 0 960
398 0 667
398 0 960
399 0 667
399 0 959
400 0 667
400 0 958
400 0 959
401 0 667
401 0 958
402 0 667
402 0 957
403 0 667
403 0 957
404 0 667
404 0 668
404 0 956
405 0 668
405 0 955
406 0 668
406 0 955
407 0 668
407 0 954
408 0 668
408 0 953
409 0 668
409 0 953
410 0 668
410 0 952
411 0 668
411 0 952
412 0 668
412 0 669
412 0 951
413 0 668
413 0 669
413 0 950
414 0 669
414 0 950
415 0 669
415 0 949
416 0 669
416 0 948
417 0 669
417 0 948
418 0 669
418 0 947
419 0 669
419 0 946
420 0 669
420 0 946
421 0 669
421 0 670
421 0 945
422 0 670
422 0 944
422 0 945
423 0 670
423 0 944
424 0 670
424 0 943
425 0 670
425 0 942
426 0 670
426 0 942
427 0 670
427 0 941
428 0 670
428 0 940
429 0 670
429 0 671
429 0 940
430 0 670
430 0 671
430 0 939
431 0 671
431 0 938
432 0 671
432 0 938
433 0 671
433 0 937
434 0 671
434 0 936
435 0 671
435 0 936
436 0 671
436 0 935
437 0 671
437 0 934
438 0 671
438 0 672
438 0 934
439 0 672
439 0 933
440 0 672
440 0 932
441 0 672
441 0 931
441 0 932
442 0 672
442 0 931
443 0 672
443 0 930
444 0 672
444 0 929
445 0 672
445 0 929
446 0 672
446 0 928
447 0 673
447 0 927
448 0 673
448 0 926
449 0 673
449 0 926
450 0 673
450 0 925
451 0 673
451 0 924
452 0 673
452 0 923
453 0 673
453 0 923
454 0 673
454 0 922
455 0 673
455 0 674
455 0 921
456 0 674
456 0 920
457 0 674
457 0 919
457 0 920
458 0 674
458 0 919
459 0 674
459 0 918
460 0 674
460 0 917
461 0 674
461 0 916
462 0 674
462 0 915
462 0 916
463 0 674
463 0 675
463 0 915
464 0 674
464 0 675
464 0 914
465 0 675
465 0 913
466 0 675
466 0 912
467 0 675
467 0 911
468 0 675
468 0 910
468 0 911
469 0 675
469 0 910
470 0 675
470 0 909
471 0 675
471 0 908
472 0 675
472 0 676
472 0 907
473 0 676
473 0 906
474 0 676
474 0 905
475 0 676
475 0 904
476 0 676
476 0 903
477 0 676
477 0 902
478 0 676
478 0 901
478 0 902
479 0 676
479 0 900
479 0 901
480 0 676
480 0 677
480 0 899
480 0 900
481 0 676
481 0 677
481 0 898
481 0 899
482 0 677
482 0 897
482 0 898
483 0 677
483 0 896
483 0 897
484 0 677
484 0 895
484 0 896
485 0 677
485 0 894
485 0 895
486 0 677
486 0 893
487 0 677
487 0 892
488 0 677
488 0 891
489 0 677
489 0 678
489 0 890
490 0 678
490 0 889
491 0 678
491 0 887
491 0 888
492 0 678
492 0 886
492 0 887
493 0 678
493 0 885
494 0 678
494 0 884
495 0 678
495 0 882
495 0 883
496 0 678
496 0 881
496 0 882
497 0 678
497 0 679
497 0 880
498 0 678
498 0 679
498 0 879
499 0 679
499 0 877
499 0 878
500 0 679
500 0 876
501 0 679
501 0 874
501 0 875
502 0 679
502 0 873
503 0 679
503 0 871
503 0 872
504 0 679
504 0 870
505 0 679
505 0 868
505 0 869
506 0 679
506 0 680
506 0 867
507 0 680
507 0 865
507 0 866
508 0 680
508 0 863
508 0 864
509 0 680
509 0 861
509 0 862
510 0 680
510 0 860
511 0 680
511 0 858
511 0 859
512 0 680
512 0 856
512 0 857
513 0 680
513 0 854
513 0 855
514 0 680
514 0 681
514 0 852
514 0 853
515 0 680
515 0 681
515 0 850
515 0 851
516 0 681
516 0 848
516 0 849
517 0 681
517 0 846
517 0 847
518 0 681
518 0 843
518 0 844
518 0 845
519 0 681
519 0 841
519 0 842
520 0 681
520 0 839
520 0 840
521 0 681
521 0 836
521 0 837
521 0 838
522 0 681
522 0 834
522 0 835
523 0 681
523 0 682
523 0 831
523 0 832
523 0 833
524 0 682
524 0 828
524 0 829
524 0 830
525 0 682
525 0 825
525 0 826
525 0 827
526 0 682
526 0 822
526 0 823
526 0 824
526 0 825
527 0 682
527 0 819
527 0 820
527 0 821
527 0 822
528 0 682
528 0 816
528 0 817
528 0 818
529 0 682
529 0 813
529 0 814
529 0 815
530 0 682
530 0 809
530 0 810
530 0 811
530 0 812
531 0 682
531 0 683
531 0 805
531 0 806
531 0 807
531 0 808
532 0 683
532 0 801
532 0 802
532 0 803
532 0 804
533 0 683
533 0 797
533 0 798
533 0 799
533 0 800
534 0 683
534 0 792
534 0 793
534 0 794
534 0 795
534 0 796
535 0 683
535 0 787
535 0 788
535 0 789
535 0 790
535 0 791
536 0 683
536 0 782
536 0 783
536 0 784
536 0 785
536 0 786
537 0 683
537 0 776
537 0 777
537 0 778
537 0 779
537 0 780
537 0 781
538 0 683
538 0 770
538 0 771
538 0 772
538 0 773
538 0 774
538 0 775
539 0 683
539 0 762
539 0 763
539 0 764
539 0 765
539 0 766
539 0 767
539 0 768
539 0 769
540 0 683
540 0 684
540 0 754
540 0 755
540 0 756
540 0 757
540 0 758
540 0 759
540 0 760
540 0 761
540 0 762
541 0 684
541 0 745
541 0 746
541 0 747
541 0 748
541 0 749
541 0 750
541 0 751
541 0 752
541 0 753
541 0 754
542 0 684
542 0 734
542 0 735
542 0 736
542 0 737
542 0 738
542 0 739
542 0 740
542 0 741
542 0 742
542 0 743
542 0 744
543 0 684
543 0 722
543 0 723
543 0 724
543 0 725
543 0 726
543 0 727
543 0 728
543 0 729
543 0 730
543 0 731
543 0 732
543 0 733
543 0 734
544 0 684
544 0 711
544 0 712
544 0 713
544 0 714
544 0 715
544 0 716
544 0 717
544 0 718
544 0 719
544 0 720
544 0 721
544 0 722
545 0 684
545 0 701
545 0 702
545 0 703
545 0 704
545 0 705
545 0 706
545 0 707
545 0 708
545 0 709
545 0 710
545 0 711
546 0 693
546 0 694
546 0 695
546 0 696
546 0 697
546 0 698
546 0 699
546 0 700
546 0 701
547 0 688
547 0 689
547 0 690
547 0 691
547 0 692
547 0 693
548 0 683
548 0 684
548 0 685
548 0 686
548 0 687
549 0 682
